40.786700 -74.010926 40.774700 -74.042926
40.776500 -74.017853 40.764500 -74.049853
40.766300 -74.024779 40.754300 -74.056779
40.756100 -74.048750 40.744100 -74.065750
40.756100 -74.033550 40.744100 -74.050550
40.756100 -74.018350 40.744100 -74.035350
40.745900 -74.054300 40.733900 -74.071300
40.745900 -74.039100 40.733900 -74.056100
40.745900 -74.023900 40.733900 -74.040900
40.735700 -74.054778 40.723700 -74.086778
40.735700 -74.024578 40.723700 -74.056578
40.725500 -74.061556 40.713500 -74.093556
40.725500 -74.031356 40.713500 -74.063356
40.715300 -74.068334 40.703300 -74.100334
40.715300 -74.038134 40.703300 -74.070134
