40.815600 -73.943912 40.803600 -73.971912
40.815600 -73.917712 40.803600 -73.945712
40.805400 -73.951424 40.793400 -73.979424
40.805400 -73.925224 40.793400 -73.953224
40.795200 -73.958936 40.783200 -73.986936
40.795200 -73.932736 40.783200 -73.960736
40.785000 -73.966449 40.773000 -73.994449
40.785000 -73.940249 40.773000 -73.968249
40.774800 -73.973961 40.762800 -74.001961
40.774800 -73.947761 40.762800 -73.975761
40.764600 -73.981473 40.752600 -74.009473
40.764600 -73.955273 40.752600 -73.983273
40.754400 -73.987144 40.742400 -74.010144
40.754400 -73.965944 40.742400 -73.988944
40.744200 -73.989289 40.732200 -74.012289
40.744200 -73.968089 40.732200 -73.991089
40.734000 -73.991433 40.722000 -74.014433
40.734000 -73.970233 40.722000 -73.993233
40.723800 -73.993578 40.711800 -74.016578
40.723800 -73.972378 40.711800 -73.995378
40.713600 -73.995722 40.701600 -74.018722
40.713600 -73.974522 40.701600 -73.997522
